# tt: Pin_dBm det_V, then per tap (o1..o5, out): amp_pk_V cell_A
-110.0 1.51965 7.69678E-05 5.83889E-06 9.43764E-05 5.83874E-06 0.000362695 5.83874E-06 0.00160119 5.83875E-06 0.00747855 5.83904E-06 0.0368159 5.846E-06
-107.5 1.5196 8.29936E-05 5.83881E-06 0.000120976 5.83865E-06 0.000482422 5.83865E-06 0.00213522 5.83868E-06 0.00997277 5.83918E-06 0.0490938 5.85157E-06
-105.0 1.51953 9.10292E-05 5.83866E-06 0.000156448 5.8385E-06 0.000642091 5.8385E-06 0.00284735 5.83854E-06 0.0132989 5.83944E-06 0.0654654 5.86146E-06
-102.5 1.51939 0.000101745 5.83838E-06 0.00020375 5.83823E-06 0.000855011 5.83823E-06 0.003797 5.83831E-06 0.0177341 5.83991E-06 0.087294 5.87903E-06
-100.0 1.51915 0.000116034 5.8379E-06 0.000266828 5.83774E-06 0.00113914 5.83775E-06 0.0050634 5.83788E-06 0.0236486 5.84073E-06 0.116396 5.91024E-06
-97.5 1.51872 0.00013509 5.83705E-06 0.000350946 5.83689E-06 0.00151852 5.8369E-06 0.00675223 5.83713E-06 0.0315353 5.84221E-06 0.155186 5.96559E-06
-95.0 1.51796 0.0001605 5.83553E-06 0.000463117 5.83537E-06 0.00202441 5.8354E-06 0.00900434 5.83581E-06 0.0420511 5.84483E-06 0.20687 6.06359E-06
-92.5 1.51662 0.000194386 5.83286E-06 0.000612699 5.8327E-06 0.00269903 5.83274E-06 0.0120078 5.83347E-06 0.056072 5.84951E-06 0.275693 6.23636E-06
-90.0 1.51428 0.000239573 5.82817E-06 0.000812172 5.82802E-06 0.00359865 5.82809E-06 0.0160134 5.82939E-06 0.0747637 5.85791E-06 0.367233 6.53857E-06
-87.5 1.51024 0.000299832 5.8201E-06 0.00107834 5.81995E-06 0.00479829 5.82007E-06 0.0213561 5.82238E-06 0.0996767 5.87307E-06 0.488737 7.05887E-06
-85.0 1.50348 0.000380188 5.80653E-06 0.00143336 5.80638E-06 0.00639839 5.80659E-06 0.0284833 5.81071E-06 0.132868 5.90073E-06 0.649409 7.92835E-06
-82.5 1.49265 0.000487344 5.78468E-06 0.00190679 5.78454E-06 0.00853214 5.78491E-06 0.0379939 5.79225E-06 0.177058 5.95196E-06 0.860395 9.31331E-06
-80.0 1.47624 0.000630273 5.75157E-06 0.00253855 5.75145E-06 0.0113772 5.75211E-06 0.0506925 5.76516E-06 0.235819 6.04788E-06 1.13374 1.13914E-05
-77.5 1.45276 0.000820904 5.70388E-06 0.00338144 5.70378E-06 0.0151704 5.70496E-06 0.0676676 5.7282E-06 0.313783 6.22648E-06 1.47811 1.43247E-05
-75.0 1.4211 0.00107513 5.63892E-06 0.00450577 5.63888E-06 0.0202261 5.64097E-06 0.090409 5.68241E-06 0.416898 6.55321E-06 1.88527 1.81891E-05
-72.5 1.38234 0.00141426 5.55837E-06 0.00600602 5.55841E-06 0.0269618 5.56212E-06 0.12099 5.63612E-06 0.55303 7.13355E-06 2.29126 2.2734E-05
-70.0 1.34271 0.00186659 5.47517E-06 0.00800766 5.47537E-06 0.0359325 5.48197E-06 0.162152 5.61426E-06 0.733634 8.11939E-06 2.53917 2.69645E-05
-67.5 1.30773 0.00246972 5.40093E-06 0.0106785 5.40139E-06 0.0479032 5.41313E-06 0.217073 5.64947E-06 0.973274 9.69104E-06 2.61011 2.99433E-05
-65.0 1.2746 0.00327421 5.32992E-06 0.0142401 5.33085E-06 0.0639163 5.35174E-06 0.289921 5.77203E-06 1.28289 1.20218E-05 2.63405 3.18317E-05
-62.5 1.23906 0.00434718 5.25293E-06 0.0189879 5.25467E-06 0.0853478 5.29189E-06 0.386457 6.03233E-06 1.66262 1.52291E-05 2.66514 3.30175E-05
-60.0 1.1994 0.0057783 5.16593E-06 0.0253148 5.16913E-06 0.114093 5.23549E-06 0.514296 6.51946E-06 2.07909 1.92226E-05 2.70352 3.37174E-05
-57.5 1.15879 0.007687 5.07556E-06 0.0337414 5.08132E-06 0.152705 5.19981E-06 0.683832 7.37017E-06 2.40986 2.32855E-05 2.74251 3.40893E-05
-55.0 1.12377 0.0102361 4.99656E-06 0.044971 5.00688E-06 0.204393 5.21841E-06 0.90925 8.76043E-06 2.54775 2.62165E-05 2.7743 3.42978E-05
-52.5 1.09319 0.0136415 4.92657E-06 0.0599847 4.94501E-06 0.273134 5.3211E-06 1.20277 1.08684E-05 2.59293 2.78824E-05 2.80028 3.44324E-05
-50.0 1.06167 0.0181797 4.85387E-06 0.0801231 4.88675E-06 0.364239 5.54935E-06 1.56683 1.38306E-05 2.62345 2.8754E-05 2.82341 3.44928E-05
-47.5 1.02632 0.0242349 4.77185E-06 0.106948 4.83056E-06 0.484756 5.98034E-06 1.98019 1.76239E-05 2.65516 2.9169E-05 2.79633 3.44507E-05
-45.0 0.988275 0.03229 4.68347E-06 0.143376 4.78832E-06 0.645174 6.73473E-06 2.33712 2.16953E-05 2.68345 2.92874E-05 2.83547 3.44023E-05
-42.5 0.954317 0.0430728 4.60558E-06 0.192104 4.79265E-06 0.858787 7.97909E-06 2.5053 2.48488E-05 2.71036 2.92909E-05 2.8881 3.42995E-05
-40.0 0.924507 0.0574566 4.53991E-06 0.256895 4.87268E-06 1.13941 9.89055E-06 2.56216 2.67281E-05 2.72747 2.92839E-05 2.89342 3.42873E-05
-37.5 0.894419 0.0766602 4.47904E-06 0.342146 5.06522E-06 1.48975 1.26185E-05 2.59532 2.77555E-05 2.71277 2.92394E-05 2.84185 3.42391E-05
-35.0 0.861449 0.102333 4.42106E-06 0.455682 5.43692E-06 1.89709 1.61909E-05 2.62702 2.82322E-05 2.74666 2.91358E-05 2.91498 3.40661E-05
-32.5 0.8247 0.136644 4.37172E-06 0.60652 6.08981E-06 2.28503 2.02141E-05 2.66183 2.84095E-05 2.7652 2.90673E-05 2.92229 3.39302E-05
-30.0 0.791057 0.182319 4.36308E-06 0.805898 7.17533E-06 2.49503 2.35781E-05 2.68399 2.84255E-05 2.7428 2.89604E-05 2.87284 3.37771E-05
-27.5 0.762326 0.243465 4.42474E-06 1.06897 8.86393E-06 2.56151 2.56538E-05 2.70457 2.83945E-05 2.78533 2.88979E-05 2.93302 3.36414E-05
-25.0 0.734609 0.324263 4.58936E-06 1.39864 1.13162E-05 2.59133 2.6811E-05 2.70472 2.83264E-05 2.78686 2.88143E-05 2.93525 3.3486E-05
-22.5 0.70435 0.430399 4.91328E-06 1.78935 1.46032E-05 2.62283 2.7406E-05 2.72462 2.82323E-05 2.78712 2.86679E-05 2.89361 3.3301E-05
-20.0 0.671825 0.571363 5.49224E-06 2.1517 1.83743E-05 2.65364 2.76464E-05 2.72533 2.81027E-05 2.78082 2.85028E-05 2.8998 3.30762E-05
-17.5 0.641238 0.753495 6.45663E-06 2.37206 2.16122E-05 2.67827 2.77028E-05 2.75003 2.79902E-05 2.79758 2.83452E-05 2.94679 3.28958E-05
-15.0 0.614029 0.989264 7.95308E-06 2.48942 2.39003E-05 2.69536 2.7677E-05 2.72191 2.79414E-05 2.80303 2.82227E-05 2.90202 3.27268E-05
-12.5 0.590277 1.28465 1.01274E-05 2.54806 2.52509E-05 2.69506 2.76178E-05 2.75713 2.78308E-05 2.79596 2.8046E-05 2.87109 3.25238E-05
-10.0 0.567065 1.6346 1.30468E-05 2.58249 2.5933E-05 2.72848 2.74999E-05 2.77135 2.76801E-05 2.78129 2.78498E-05 2.86305 3.2272E-05
-7.5 0.543478 1.99126 1.6537E-05 2.61619 2.62115E-05 2.74778 2.73404E-05 2.77597 2.74953E-05 2.7651 2.76257E-05 2.92849 3.20222E-05
-5.0 0.522699 2.24929 1.99173E-05 2.63357 2.62991E-05 2.74781 2.72072E-05 2.77169 2.72988E-05 2.74657 2.73942E-05 2.86651 3.17083E-05
-2.5 0.508723 2.3495 2.23647E-05 2.64495 2.63362E-05 2.76044 2.70935E-05 2.746 2.71157E-05 2.74779 2.72234E-05 2.88821 3.14329E-05
0.0 0.499722 2.36757 2.39141E-05 2.63961 2.63295E-05 2.76292 2.70666E-05 2.76659 2.70189E-05 2.73132 2.70792E-05 2.86369 3.12975E-05
